0.07143291151135087
0.07102726569542518
0.07101747090231159
0.07100876651961228
0.07142410095172981
0.0714848677662086
0.07161027478714721
0.0712812355009176
0.0705854643636675
0.07130667454079737
0.07109557576926358
0.07131189618791853
0.07142704554966518
0.07090230958651653
0.07100885100178904
0.07139532277538518
0.07128731868205926
0.07163527617753536
0.07109393475815776
0.07116327791502981
0.07103372833945534
0.07101931280278145
0.07128185297535584
0.07107577652766786
0.07123644931896313
0.07117868087052527
0.0715055763721466
0.07129072908802445
0.0712550509700459
0.07126356868804255
