0.09752951156009328
0.09763569396808877
0.09826553848124941
0.09834619691903643
0.09843518331110312
0.09828191652347905
0.09817217139787571
0.09810517815982595
0.09818383991318261
0.09822453250684705
0.0979027982858511
0.09745643365950811
0.09737067179246382
0.09744262236815232
0.09711679635747444
0.09725225723541535
0.09840221810340881
0.09761239470703516
0.09729588887337863
0.097336382181395
0.09760295445611587
0.09705796763202733
0.09714222666042954
0.09734113489560477
0.09758906901035162
0.09725434767371192
0.0974271480853741
0.09757024394959557
0.09755725099106705
0.09756104824006691
