0.07626920636696151
0.07638848010507662
0.07610436725616455
0.07641445583021136
0.07617062664313302
0.07652068318742694
0.07630738902975012
0.07610650012499391
0.07601033494354337
0.07597268372774124
0.07618531092509136
0.07602241320639663
0.07628715628444559
0.07614581989792157
0.07638210873473379
0.07659939292130197
0.07625222484154882
0.07633148588934895
0.07605041103598512
0.0762711521178957
0.0760577882116589
0.07578497716825303
0.07609059783949781
0.07605092521170811
0.07668083670729163
0.07650579546773156
0.0759725398778168
0.07630634924841015
0.07614248517959837
0.07645048397054743
